36
1 2 0 4 0 0 0 0 0 0 0 0 13 0 0 16 0 0 0 0 0 0 20 0 0 35 0 25 0 31 22 21 0 0 0 0 
29 24 0 0 7 0 0 0 22 6 26 0 0 0 0 0 21 36 0 0 0 0 0 0 0 18 10 28 0 0 0 0 0 0 0 9 
13 32 0 0 0 0 0 18 0 30 15 0 0 0 0 0 0 0 0 25 33 0 0 0 0 0 0 0 29 0 0 0 17 0 26 0 
0 23 25 35 0 0 14 34 0 33 0 36 4 0 11 7 0 0 22 1 0 0 0 0 0 32 0 0 0 24 10 15 0 0 0 13 
10 0 0 16 19 14 0 0 0 0 2 0 0 0 22 0 0 0 0 0 0 0 0 0 0 9 11 0 13 0 0 0 0 0 12 0 
26 0 0 0 0 0 3 20 0 25 0 0 0 0 12 32 30 9 36 11 0 35 0 21 7 0 0 0 0 0 31 0 0 0 24 0 
0 0 0 0 23 0 0 7 33 0 0 30 18 17 29 0 0 0 1 0 0 0 0 35 0 0 14 0 0 0 0 0 4 26 32 0 
0 22 1 0 0 0 0 0 0 20 0 0 0 19 0 0 13 12 0 0 0 0 0 34 0 0 27 24 0 7 0 0 25 15 0 21 
0 0 0 7 29 0 0 0 0 28 0 0 0 0 0 14 25 0 17 30 22 0 24 0 0 10 0 0 0 9 13 23 0 11 0 0 
36 0 4 0 20 0 0 0 0 11 19 0 0 0 3 30 0 16 0 0 0 0 0 0 0 0 0 0 0 0 0 0 12 0 0 5 
8 30 0 0 18 0 21 12 15 0 31 17 33 22 0 0 0 0 14 5 25 0 0 0 0 16 2 0 3 36 0 29 0 9 1 0 
34 35 31 0 0 16 29 24 13 26 6 0 11 10 0 9 0 2 0 0 0 28 27 0 0 0 0 30 0 0 18 0 0 0 0 3 
0 0 0 0 0 33 0 25 35 0 0 0 9 0 0 0 0 0 0 0 3 0 7 0 0 0 0 34 0 10 0 0 14 0 0 0 
0 0 13 0 0 0 0 2 28 0 29 0 0 1 5 34 0 14 0 0 0 0 25 24 0 0 4 15 6 0 0 18 27 0 3 32 
0 1 0 8 0 29 0 0 26 0 0 7 30 0 36 0 4 0 0 0 16 0 13 0 0 0 0 0 0 0 0 0 0 0 0 35 
0 0 0 0 0 0 0 4 0 12 0 5 0 0 16 20 0 0 0 29 6 0 0 33 0 0 0 0 7 23 25 13 0 0 0 0 
0 4 0 6 0 0 0 0 0 36 0 14 0 23 0 0 0 0 0 27 0 0 0 30 0 0 0 0 0 26 29 0 16 0 0 19 
0 0 16 26 0 11 6 0 8 34 0 0 0 0 2 0 0 0 0 0 28 0 0 20 0 25 29 0 9 0 4 5 0 12 0 0 
0 0 9 5 33 25 32 0 31 0 30 0 19 0 0 11 22 0 0 0 0 16 0 10 0 7 12 26 0 0 20 0 6 0 27 0 
0 8 0 31 0 27 0 0 0 0 25 0 0 0 24 0 14 0 0 0 19 0 3 9 34 33 0 0 0 5 0 0 0 10 0 0 
0 28 0 13 0 26 10 0 11 2 34 0 12 0 0 0 0 0 0 33 0 0 0 0 15 0 0 0 4 0 8 9 0 3 29 7 
0 10 0 0 14 0 8 0 7 0 0 0 3 0 35 0 0 0 6 26 0 0 0 22 1 30 0 9 0 29 0 0 0 34 0 23 
30 21 24 0 32 0 0 15 3 0 35 0 0 0 0 0 0 0 0 8 0 0 12 0 0 0 0 0 10 0 0 0 28 0 4 25 
0 0 0 0 0 0 12 14 0 22 0 0 0 0 0 8 0 0 2 0 0 0 29 0 25 0 0 0 0 0 19 35 0 0 0 18 
0 0 0 27 0 23 0 29 0 0 12 0 0 0 0 0 35 6 0 0 1 0 0 0 28 24 26 0 0 0 32 19 0 0 0 0 
24 0 0 17 35 0 0 0 0 7 0 1 0 36 0 26 15 0 27 0 0 25 10 0 18 0 32 0 0 0 12 3 13 0 0 33 
0 0 0 0 0 0 4 0 0 0 28 0 0 0 0 0 0 22 0 0 35 0 21 0 19 0 0 8 0 0 0 0 0 29 0 0 
0 0 0 0 0 32 0 0 0 0 33 3 2 8 23 21 0 31 0 18 4 0 19 26 29 0 15 0 0 34 0 0 22 35 0 1 
18 0 0 3 0 22 20 0 16 17 0 25 24 33 4 1 0 0 0 32 0 0 0 6 0 27 0 0 0 0 0 26 5 0 0 0 
0 0 10 0 0 0 0 26 0 0 0 0 0 0 0 0 0 32 0 0 0 0 0 0 17 11 0 0 0 0 0 0 20 0 28 24 
3 0 30 0 0 5 0 0 25 21 18 2 0 0 0 0 0 0 29 0 32 23 34 31 13 0 6 36 22 0 0 10 0 8 0 0 
20 29 0 18 0 0 17 27 0 0 0 0 0 0 0 0 31 0 0 0 30 0 0 0 10 15 0 0 0 0 0 0 0 23 0 12 
0 0 14 0 0 4 0 0 12 15 1 31 0 0 34 23 0 0 20 3 0 0 0 7 0 0 0 0 0 18 28 0 0 0 0 0 
0 0 35 10 0 0 0 6 20 0 0 19 0 28 9 0 0 0 24 0 36 15 5 14 12 4 0 0 16 25 0 0 0 0 17 30 
0 0 0 0 0 0 0 30 0 0 0 0 0 11 25 17 6 24 10 0 26 0 8 0 2 21 3 0 5 0 0 7 0 0 0 4 
6 0 0 22 13 7 5 0 0 0 0 0 29 0 0 4 0 0 0 12 0 0 0 0 0 0 0 0 0 0 34 20 2 19 25 0 
