49
0  0  A  0  0  F  0  | 1  O  0  0  T  0  18 | 0  0  0  0  0  L  B  | 0  P  0  0  U  0  19 | 0  0  0  0  6  M  0  | Q  0  0  0  E  0  3  | S  I  0  7  N  0  0
12 0  0  0  7  0  22 | 0  0  0  0  4  0  0  | 0  0  O  0  0  0  J  | 10 0  0  0  0  0  0  | 0  2  0  0  0  0  D  | 0  0  0  0  0  C  0  | 0  0  0  0  0  E  0
20 0  0  0  0  0  0  | 0  0  N  0  0  S  0  | 0  0  0  0  0  0  0  | 0  0  0  0  0  0  0  | 0  0  X  G  0  0  L  | 0  0  0  0  0  0  0  | 0  R  H  0  0  0  0
0  0  0  H  0  6  0  | 0  8  0  0  0  3  0  | I  0  7  0  0  0  0  | 0  0  0  0  0  0  0  | 0  0  0  0  0  0  0  | 0  X  0  0  0  0  0  | 0  0  0  0  0  0  0
0  0  2  0  0  0  U  | 0  0  6  0  C  0  0  | 0  0  0  0  0  0  0  | I  0  7  0  0  0  S  | 0  0  0  0  0  0  4  | 0  0  0  0  0  0  0  | B  0  0  G  0  0  L
L  0  0  0  0  0  0  | 0  0  0  0  0  0  2  | 0  H  0  0  0  0  11 | 0  0  8  0  E  0  0  | S  0  17 0  0  0  12 | 0  9  0  0  0  0  0  | J  0  0  0  0  13 0
0  0  0  0  0  0  0  | 0  0  0  0  0  0  0  | 2  0  24 0  0  D  0  | 0  0  0  0  0  0  0  | 0  0  0  8  0  0  0  | I  0  0  0  0  0  0  | 0  0  9  0  F  0  0
--------------------------------------------------------------------------------------------------------------------------------------------------------------
0  15 0  0  0  10 0  | 0  0  0  0  0  F  0  | 0  O  0  13 T  0  0  | 0  0  0  0  0  0  D  | 0  0  0  0  0  0  6  | E  0  0  Q  0  0  0  | 22 0  S  0  0  7  0
0  0  13 0  J  0  0  | 0  0  0  0  0  0  22 | 0  0  0  0  0  0  0  | 0  0  0  0  0  0  0  | U  0  19 0  0  0  0  | 0  0  0  0  H  0  0  | 0  0  0  0  0  0  0
W  0  0  0  0  A  0  | 0  0  0  0  0  0  0  | 0  0  0  0  0  0  0  | 0  0  0  0  0  0  T  | 0  0  0  0  0  0  0  | 0  0  0  0  0  0  0  | 0  0  11 0  0  0  0
7  0  0  0  0  I  0  | 0  0  R  0  16 6  0  | 0  0  0  0  0  0  0  | 0  0  0  0  0  0  0  | 13 0  0  0  0  0  0  | 5  0  0  0  0  0  0  | 0  0  0  0  P  0  0
0  0  0  0  0  0  0  | D  0  0  0  0  0  0  | 0  0  0  0  0  0  0  | 0  0  0  0  0  22 0  | 0  0  K  0  0  0  0  | 0  T  J  0  0  0  0  | 5  0  B  0  0  G  0
0  0  0  0  0  0  0  | L  0  0  0  0  0  0  | P  0  0  U  0  19 0  | 3  0  0  8  0  0  0  | 0  0  0  I  0  7  N  | 0  0  0  0  0  0  F  | 0  T  0  0  1  0  23
24 0  0  0  0  2  P  | 0  J  18 0  0  0  13 | 0  0  0  0  L  0  0  | 11 0  0  0  0  M  0  | 0  0  0  0  25 0  0  | 0  12 0  I  0  0  0  | 21 0  0  0  0  0  F
--------------------------------------------------------------------------------------------------------------------------------------------------------------
14 0  0  0  0  P  0  | 0  0  0  L  0  0  0  | 0  0  0  9  0  F  0  | 0  7  0  0  0  0  I  | 0  0  8  0  0  0  3  | 0  0  0  0  6  0  0  | 0  13 0  J  0  1  0
0  5  0  0  0  0  0  | 0  23 0  0  J  0  0  | 0  0  0  0  0  0  0  | 0  0  0  0  0  0  0  | R  0  0  0  0  0  0  | 0  0  0  24 0  U  0  | F  0  0  0  0  0  0
0  0  0  0  0  1  0  | W  0  0  0  0  0  0  | 0  0  Q  0  0  V  0  | H  0  6  0  C  0  0  | 2  0  0  0  U  0  0  | 0  0  0  0  0  0  0  | 0  0  0  S  0  0  0
0  21 0  0  A  0  0  | 0  0  0  12 0  0  0  | 0  0  0  0  16 0  0  | P  0  0  U  0  19 0  | 0  X  0  0  0  0  0  | 0  0  0  0  0  0  0  | V  0  0  0  0  0  0
N  0  0  0  0  0  0  | 0  0  0  0  0  Q  0  | D  0  0  0  0  0  0  | 0  0  0  0  0  0  0  | 0  0  0  0  0  0  0  | 0  0  0  0  0  0  4  | 0  0  C  11 0  H  0
V  0  0  3  0  0  0  | 0  0  0  C  0  0  0  | 0  0  0  0  0  0  0  | 0  0  0  0  0  0  0  | 0  0  0  0  0  0  0  | 0  0  0  0  0  22 0  | 14 0  0  0  0  0  24
0  M  0  0  0  0  0  | 0  0  0  0  0  2  P  | 0  J  0  0  0  0  0  | 0  0  0  0  0  0  0  | 0  0  0  0  0  0  0  | 0  0  0  0  0  E  0  | 0  0  0  0  0  0  0
--------------------------------------------------------------------------------------------------------------------------------------------------------------
M  0  11 0  H  0  0  | 0  0  0  19 2  0  0  | G  0  0  0  0  0  0  | 0  0  0  0  0  0  0  | 0  0  0  0  0  0  0  | 0  7  N  0  0  0  0  | Q  0  0  0  0  0  3
0  0  0  0  0  24 0  | 0  0  L  0  0  0  G  | 0  0  13 0  0  0  0  | 0  0  0  0  0  0  0  | 0  0  0  0  0  0  0  | 25 0  0  0  0  3  0  | 0  0  0  6  0  C  0
5  0  B  0  X  0  0  | 23 0  0  J  0  0  0  | 0  0  0  0  0  0  0  | 0  0  0  0  0  0  0  | 0  0  0  0  0  0  I  | 0  0  0  0  0  0  0  | 2  0  0  0  0  0  0
0  0  J  0  0  O  23 | 0  0  4  0  0  0  0  | 0  N  0  0  0  0  0  | 0  0  0  0  0  0  0  | 0  0  0  0  0  0  0  | 0  0  14 0  0  0  0  | 0  0  G  0  0  0  0
21 0  0  0  9  0  0  | N  0  0  0  0  17 7  | 8  0  0  0  0  0  0  | 0  0  0  0  0  0  0  | 0  0  0  0  0  11 R  | 0  0  0  5  0  0  0  | 0  0  0  23 0  T  J
0  0  0  0  17 0  0  | 0  0  0  0  Q  0  0  | 0  6  0  0  0  0  0  | 0  0  0  0  0  0  0  | 0  0  0  0  0  0  0  | 1  0  0  0  0  0  0  | 0  0  0  0  0  0  0
E  0  3  0  0  0  V  | 0  0  0  11 0  H  0  | 0  0  U  D  0  0  0  | 0  0  0  0  0  0  0  | 0  0  0  0  0  B  0  | 0  W  0  0  0  0  0  | 0  0  7  0  0  12 0
--------------------------------------------------------------------------------------------------------------------------------------------------------------
0  Q  0  0  0  E  0  | 0  0  0  0  0  0  0  | 0  0  0  19 0  0  0  | 0  0  0  0  0  0  0  | 0  0  0  0  0  0  0  | 23 0  T  0  0  0  0  | 0  N  0  0  0  I  0
11 0  0  0  6  0  0  | U  0  0  0  P  0  0  | 15 0  0  0  0  0  0  | 0  0  0  0  0  0  0  | 0  0  0  0  0  N  0  | 0  0  0  0  0  0  0  | 0  0  0  0  0  3  0
0  2  0  24 0  0  D  | 0  L  0  0  0  0  0  | 0  0  0  0  0  0  0  | 0  0  0  0  0  0  0  | 0  0  0  0  0  V  0  | 0  0  0  S  0  0  7  | 0  6  0  C  0  0  0
0  0  0  0  0  0  0  | 0  0  0  0  0  O  0  | F  0  4  0  0  0  0  | 0  0  0  0  0  0  0  | 0  0  0  0  0  0  0  | V  0  0  0  Q  0  0  | 24 0  0  0  0  2  0
0  18 0  0  23 0  0  | 0  4  0  0  0  0  F  | 0  0  0  0  0  0  0  | 0  0  0  0  0  0  0  | 0  0  0  0  0  14 0  | 0  0  0  0  0  0  0  | 0  0  0  0  0  0  X
K  0  0  0  F  0  0  | 0  0  0  0  17 0  0  | V  0  20 3  0  0  0  | 0  6  0  0  0  0  0  | 0  0  0  0  0  0  5  | 0  0  D  0  0  P  0  | O  0  13 T  0  18 0
S  0  0  7  0  0  0  | 0  0  3  0  0  0  0  | 6  0  0  0  0  H  0  | 24 0  0  0  0  2  P  | 0  J  18 0  O  0  0  | 15 0  0  0  0  0  0  | 0  0  0  4  0  0  9
--------------------------------------------------------------------------------------------------------------------------------------------------------------
0  17 7  0  22 0  0  | 3  0  0  0  0  E  20 | 0  C  11 0  0  0  0  | 0  0  0  19 0  0  0  | O  0  13 0  0  0  0  | 0  K  0  9  0  F  0  | X  0  0  0  L  0  10
Q  0  0  0  0  0  0  | 0  R  0  0  0  0  0  | 0  0  0  2  0  24 0  | 0  0  L  0  0  0  0  | 0  0  0  0  0  0  9  | 0  0  0  0  7  0  0  | 0  O  0  0  0  0  0
0  0  0  6  M  0  0  | 0  0  0  0  0  0  0  | 5  0  0  0  0  0  0  | 23 0  0  0  0  0  O  | 0  0  0  0  0  0  0  | 0  0  0  0  0  0  E  | 9  0  0  0  0  K  0
2  0  0  0  0  0  0  | 0  0  0  G  0  0  L  | 0  T  0  0  1  0  0  | 0  0  4  0  0  0  0  | 0  0  0  0  0  0  0  | C  0  0  0  0  6  0  | 0  7  0  0  0  0  0
10 0  G  0  0  0  0  | J  0  0  0  0  0  0  | 0  4  0  A  0  0  0  | N  0  0  0  0  0  0  | 16 0  0  0  0  0  H  | 0  0  0  0  0  14 0  | 0  0  V  0  0  0  Q
0  1  0  0  0  0  J  | 0  0  0  0  0  0  4  | 22 0  0  0  0  0  0  | V  0  20 0  0  0  8  | 0  14 0  0  0  0  0  | L  0  0  X  0  0  0  | 0  0  0  0  0  11 0
A  0  W  0  0  4  0  | S  0  0  7  N  0  0  | E  0  3  0  0  0  0  | 0  0  0  0  0  0  0  | 0  0  0  0  B  0  0  | 0  J  0  0  0  0  13 | 0  0  0  0  0  0  0
--------------------------------------------------------------------------------------------------------------------------------------------------------------
0  O  0  0  T  0  0  | 0  0  G  0  0  0  0  | 0  0  0  0  0  0  D  | 0  0  0  0  0  0  6  | 0  0  0  3  0  0  8  | 0  N  0  12 0  0  0  | 4  0  A  0  0  0  0
9  0  0  0  0  0  0  | 0  0  0  0  0  0  0  | 0  10 0  G  0  0  L  | U  0  0  0  P  0  0  | 6  0  C  0  0  0  16 | 0  0  0  0  0  0  0  | 0  0  I  0  0  N  0
0  7  0  22 0  0  I  | 0  9  0  0  21 4  0  | J  0  0  0  0  13 0  | 0  L  0  0  0  0  0  | 0  0  0  0  0  0  0  | 0  0  M  0  0  0  0  | 0  0  0  0  0  0  E
25 0  0  0  0  0  0  | I  0  0  0  0  0  0  | 0  A  0  0  0  0  0  | 0  0  0  0  0  0  0  | 0  0  L  0  10 0  0  | 0  0  0  0  0  0  0  | 0  0  0  0  0  0  0
0  0  0  M  0  0  R  | 0  0  0  V  0  0  3  | 0  0  0  0  0  0  0  | 21 0  0  A  0  W  0  | 0  0  0  0  0  1  0  | G  0  0  0  0  0  X  | 0  19 2  0  0  14 0
P  0  0  0  D  19 0  | 0  0  0  0  M  0  0  | 0  Q  0  8  V  0  0  | 0  0  S  0  0  0  N  | 0  0  0  0  0  0  0  | 0  0  0  0  0  0  0  | L  0  0  0  G  0  5
0  G  0  5  0  0  10 | 0  0  0  0  0  D  0  | 11 0  H  0  0  M  0  | 0  0  0  0  0  8  0  | 0  22 0  S  0  0  7  | W  0  0  4  K  0  0  | T  0  18 0  0  23 0
