25
0 0 0 0 5 0 7 0 9 0 20 0 12 0 0 0 0 18 0 0 0 0 0 25 19 
0 0 21 10 0 0 23 25 0 0 0 0 0 0 0 24 0 9 0 6 0 16 15 0 11 
0 25 9 6 0 22 0 0 16 0 1 0 0 5 0 0 0 0 0 21 7 0 0 0 0 
0 13 7 0 23 0 0 24 0 0 0 0 0 0 6 5 0 8 0 0 0 0 0 17 0 
0 0 24 11 0 0 0 19 0 15 0 0 16 8 0 4 13 0 0 7 0 0 10 0 9 
0 9 0 17 18 0 3 0 0 0 0 0 8 0 0 13 7 20 0 0 22 0 0 0 0 
5 0 0 7 0 0 0 0 0 6 23 0 0 9 0 0 4 24 0 12 0 15 0 0 0 
21 0 14 20 10 16 13 0 0 0 0 18 1 2 17 3 0 0 15 23 0 6 0 7 4 
8 12 0 0 0 0 9 0 0 0 19 0 21 24 22 25 10 0 16 0 0 0 0 0 0 
0 1 0 25 0 12 0 0 2 0 0 13 0 7 0 0 6 22 0 0 11 0 0 0 0 
0 15 0 16 0 0 0 0 6 18 2 0 0 0 0 0 0 0 0 24 0 14 12 0 0 
0 0 1 13 0 0 11 0 0 3 24 21 0 0 0 0 0 12 0 0 0 0 19 5 0 
0 0 0 0 0 7 5 0 4 0 0 25 0 0 0 16 23 0 11 0 0 0 9 2 1 
0 0 10 0 0 0 8 0 0 0 0 0 0 12 0 0 14 0 19 0 16 0 0 13 24 
0 0 0 0 24 0 0 16 0 0 0 0 0 19 0 2 1 0 0 0 0 0 11 22 15 
10 0 0 15 0 0 0 0 3 21 8 0 19 0 18 0 25 0 0 0 0 0 0 0 0 
24 16 22 0 0 0 20 12 0 25 0 0 0 0 0 8 0 3 0 0 2 0 23 0 14 
0 17 13 0 0 0 0 0 24 0 21 1 0 0 0 0 0 0 0 0 0 0 6 0 0 
0 0 0 14 0 0 0 6 0 0 3 0 0 0 0 20 0 0 9 0 0 5 0 0 18 
0 0 0 0 2 14 0 0 0 0 0 5 15 0 20 0 21 0 0 0 17 0 3 0 0 
0 0 0 3 25 10 0 7 23 0 0 19 0 4 1 0 0 0 0 8 12 22 18 0 17 
0 23 0 1 0 0 0 3 14 0 0 0 0 0 0 0 0 0 25 0 0 0 0 0 0 
0 10 18 0 0 0 0 0 0 0 0 0 0 20 7 0 0 0 4 16 0 0 13 0 0 
0 0 19 5 0 20 24 0 0 0 17 0 0 0 0 12 2 0 6 22 0 0 0 14 10 
0 0 0 22 0 0 0 4 0 16 10 0 0 0 0 0 0 19 0 0 0 0 5 20 0 
